   0.00   1.00   2.00   3.00   4.00   5.00   6.00   7.00
   1.00   2.00   3.00   4.00   5.00   6.00   7.00   8.00
   2.00   6.00  10.00  14.00  18.00  22.00  26.00  30.00
   3.00   6.00   9.00  12.00  15.00  18.00  21.00  24.00
   4.00   5.00   6.00   7.00   8.00  21.34  10.00  11.00
   5.00   6.00   7.00   8.00   9.00  10.00  11.00  12.00
   6.00   7.00   8.00   9.00  10.00  11.00  12.00  13.00
   7.00   8.00   9.00  10.00  11.00  12.00  13.00  14.00
   8.00   9.00  10.00  11.00  12.00  13.00  14.00  15.00
   9.00  10.00  11.00  12.00  13.00  14.00  15.00  16.00
  10.00  11.00  12.00  13.00  14.00  15.00  16.00  17.00
